1106441.9	641881.65
1129401.25	635031.69
1115212.98	642274.52
1114033.53	641346.68
1112414.75	641828.9
1110542.57	641471.66
1105860.05	638746.44
1108493.45	639996.07
1109523.63	642866.87
1109682.61	643102.22
1109709.66	642651.76
1113207.98	641475.96
1115252.7	641731.37
1115510	642098
1111532.59	649517.08
1109489.36	651627.96
1108062.11	646323.7
1108224.78	649273.48
1114186.24	647523.54
1114235.21	647406.78
1115653.28	646738.65
1111884	651228
1119496.61	652639.97
1120118.24	651336.3
1119904.21	647495.2
1117752.25	647807.29
1116802.95	648555.44
1113424.21	651256.62
1115492.65	652746.77
1116571.33	653515.86
1119088.34	644619.58
1117536.25	644082.34
1121279.18	642914.61
1122475.74	642279.06
1123594.98	645142.02
1123238.57	650638.69
1125368	649295
1127434.94	647686.09
1112787	641742.59
1111885.38	648911.63
1116958	651852.63
1123300.75	647585.88
1119238.5	644547.31
1106613.18	641823.82
1123350	639211
1101290.5	644836.81